0.00000000 0.00000000
0.04244403 0.00000000
0.13278780 0.00000000
0.25000000 0.00000000
0.36721220 0.00000000
0.45755597 0.00000001
0.50000000 0.00000001
0.54244403 0.00000001
0.63278780 0.00000001
0.75000000 0.00000001
0.86721220 0.00000002
0.95755597 0.00000002
1.00000000 0.00000002
1.04244403 0.00000003
1.13278780 0.00000003
1.25000000 0.00000004
1.36721220 0.00000006
1.45755597 0.00000007
1.50000000 0.00000008
1.54244403 0.00000009
1.63278780 0.00000011
1.75000000 0.00000015
1.86721220 0.00000020
1.95755597 0.00000025
2.00000000 0.00000027
2.04244403 0.00000030
2.13278780 0.00000038
2.25000000 0.00000050
2.36721220 0.00000065
2.45755597 0.00000081
2.50000000 0.00000089
2.54244403 0.00000098
2.63278780 0.00000121
2.75000000 0.00000157
2.86721220 0.00000205
2.95755597 0.00000250
3.00000000 0.00000275
3.04244403 0.00000301
3.13278780 0.00000367
3.25000000 0.00000473
3.36721220 0.00000608
3.45755597 0.00000736
3.50000000 0.00000805
3.54244403 0.00000880
3.63278780 0.00001062
3.75000000 0.00001353
3.86721220 0.00001718
3.95755597 0.00002062
4.00000000 0.00002245
4.04244403 0.00002444
4.13278780 0.00002923
4.25000000 0.00003680
4.36721220 0.00004619
4.45755597 0.00005493
4.50000000 0.00005956
4.54244403 0.00006455
4.63278780 0.00007653
4.75000000 0.00009521
4.86721220 0.00011811
4.95755597 0.00013921
5.00000000 0.00015030
5.04244403 0.00016221
5.13278780 0.00019057
5.25000000 0.00023432
5.36721220 0.00028731
5.45755597 0.00033558
5.50000000 0.00036077
5.54244403 0.00038771
5.63278780 0.00045141
5.75000000 0.00054856
5.86721220 0.00066479
5.95755597 0.00076948
6.00000000 0.00082374
6.04244403 0.00088151
6.13278780 0.00101711
6.25000000 0.00122160
6.36721220 0.00146317
6.45755597 0.00167835
6.50000000 0.00178909
6.54244403 0.00190645
6.63278780 0.00217991
6.75000000 0.00258766
6.86721220 0.00306325
6.95755597 0.00348214
7.00000000 0.00369617
7.04244403 0.00392195
7.13278780 0.00444416
7.25000000 0.00521395
7.36721220 0.00610028
7.45755597 0.00687209
7.50000000 0.00726359
7.54244403 0.00767462
7.63278780 0.00861828
7.75000000 0.00999323
7.86721220 0.01155572
7.95755597 0.01290065
8.00000000 0.01357783
8.04244403 0.01428541
8.13278780 0.01589760
8.25000000 0.01821903
8.36721220 0.02082212
8.45755597 0.02303643
8.50000000 0.02414294
8.54244403 0.02529348
8.63278780 0.02789480
8.75000000 0.03159550
8.86721220 0.03568894
8.95755597 0.03912905
9.00000000 0.04083482
9.04244403 0.04259960
9.13278780 0.04655817
9.25000000 0.05212024
9.36721220 0.05818666
9.45755597 0.06322151
9.50000000 0.06569806
9.54244403 0.06824702
9.63278780 0.07391794
9.75000000 0.08178413
9.86721220 0.09023909
9.95755597 0.09716547
10.00000000 0.10054396
10.04244403 0.10400245
10.13278780 0.11163118
10.25000000 0.12207128
10.36721220 0.13312143
10.45755597 0.14204994
10.50000000 0.14636645
10.54244403 0.15075978
10.63278780 0.16036269
10.75000000 0.17331660
10.86721220 0.18680286
10.95755597 0.19753886
11.00000000 0.20267934
11.04244403 0.20787866
11.13278780 0.21913094
11.25000000 0.23407201
11.36721220 0.24934566
11.45755597 0.26130447
11.50000000 0.26696864
11.54244403 0.27265732
11.63278780 0.28483082
11.75000000 0.30070580
11.86721220 0.31659438
11.95755597 0.32879431
12.00000000 0.33449854
12.04244403 0.34017913
12.13278780 0.35217099
12.25000000 0.36746632
12.36721220 0.38237377
12.45755597 0.39353677
12.50000000 0.39866839
12.54244403 0.40372143
12.63278780 0.41419407
12.75000000 0.42714671
12.86721220 0.43929561
12.95755597 0.44805394
13.00000000 0.45197391
13.04244403 0.45576393
13.13278780 0.46338105
13.25000000 0.47230307
13.36721220 0.48007591
13.45755597 0.48524339
13.50000000 0.48741548
13.54244403 0.48942092
13.63278780 0.49312514
13.75000000 0.49676279
13.86721220 0.49905410
13.95755597 0.49988914
14.00000000 0.50000004
14.04244403 0.49993081
14.13278780 0.49918428
14.25000000 0.49700678
14.36721220 0.49348097
14.45755597 0.48986105
14.50000000 0.48789451
14.54244403 0.48576082
14.63278780 0.48067321
14.75000000 0.47299977
14.86721220 0.46417168
14.95755597 0.45662284
15.00000000 0.45286355
15.04244403 0.44897343
15.13278780 0.44027558
15.25000000 0.42819865
15.36721220 0.41531031
15.45755597 0.40488181
15.50000000 0.39984784
15.54244403 0.39473423
15.63278780 0.38360594
15.75000000 0.36873622
15.86721220 0.35347037
15.95755597 0.34149567
16.00000000 0.33582149
16.04244403 0.33012263
16.13278780 0.31793072
16.25000000 0.30204583
16.36721220 0.28616726
16.45755597 0.27398629
16.50000000 0.26829275
16.54244403 0.26262288
16.63278780 0.25064930
16.75000000 0.23535141
16.86721220 0.22038087
16.95755597 0.20910266
17.00000000 0.20389027
17.04244403 0.19873620
17.13278780 0.18796964
17.25000000 0.17444080
17.36721220 0.16144152
17.45755597 0.15180209
17.50000000 0.14739121
17.54244403 0.14305694
17.63278780 0.13409005
17.75000000 0.12298922
17.86721220 0.11249789
17.95755597 0.10482957
18.00000000 0.10135252
18.04244403 0.09795550
18.13278780 0.09098994
18.25000000 0.08248484
18.36721220 0.07456958
18.45755597 0.06886176
18.50000000 0.06629577
18.54244403 0.06380241
18.63278780 0.05873252
18.75000000 0.05262228
18.86721220 0.04701837
18.95755597 0.04302898
19.00000000 0.04125017
19.04244403 0.03953065
19.13278780 0.03606223
19.25000000 0.03193406
19.36721220 0.02820087
19.45755597 0.02557603
19.50000000 0.02441489
19.54244403 0.02329807
19.63278780 0.02106279
19.75000000 0.01843435
19.86721220 0.01608965
19.95755597 0.01446087
20.00000000 0.01374590
20.04244403 0.01306157
20.13278780 0.01170223
20.25000000 0.01012258
20.36721220 0.00873214
20.45755597 0.00777760
20.50000000 0.00736176
20.54244403 0.00696564
20.63278780 0.00618460
20.75000000 0.00528743
20.86721220 0.00450801
20.95755597 0.00397912
21.00000000 0.00375042
21.04244403 0.00353359
21.13278780 0.00310917
21.25000000 0.00262717
21.36721220 0.00221381
21.45755597 0.00193651
21.50000000 0.00181748
21.54244403 0.00170515
21.63278780 0.00148685
21.75000000 0.00124172
21.86721220 0.00103415
21.95755597 0.00089648
22.00000000 0.00083782
22.04244403 0.00078271
22.13278780 0.00067637
22.25000000 0.00055828
22.36721220 0.00045954
22.45755597 0.00039478
22.50000000 0.00036738
22.54244403 0.00034177
22.63278780 0.00029268
22.75000000 0.00023876
22.86721220 0.00019425
22.95755597 0.00016537
23.00000000 0.00015324
23.04244403 0.00014195
23.13278780 0.00012047
23.25000000 0.00009714
23.36721220 0.00007810
23.45755597 0.00006590
23.50000000 0.00006081
23.54244403 0.00005609
23.63278780 0.00004717
23.75000000 0.00003759
23.86721220 0.00002987
23.95755597 0.00002498
24.00000000 0.00002295
24.04244403 0.00002108
24.13278780 0.00001757
24.25000000 0.00001384
24.36721220 0.00001087
24.45755597 0.00000901
24.50000000 0.00000824
24.54244403 0.00000754
24.63278780 0.00000622
24.75000000 0.00000485
24.86721220 0.00000376
24.95755597 0.00000309
25.00000000 0.00000281
25.04244403 0.00000256
25.13278780 0.00000210
25.25000000 0.00000161
25.36721220 0.00000124
25.45755597 0.00000101
25.50000000 0.00000091
25.54244403 0.00000083
25.63278780 0.00000067
25.75000000 0.00000051
25.86721220 0.00000039
25.95755597 0.00000031
26.00000000 0.00000028
26.04244403 0.00000026
26.13278780 0.00000021
26.25000000 0.00000015
26.36721220 0.00000012
26.45755597 0.00000009
26.50000000 0.00000008
26.54244403 0.00000007
26.63278780 0.00000006
26.75000000 0.00000004
26.86721220 0.00000003
26.95755597 0.00000003
27.00000000 0.00000002
27.04244403 0.00000002
27.13278780 0.00000002
27.25000000 0.00000001
27.36721220 0.00000001
27.45755597 0.00000001
27.50000000 0.00000001
27.54244403 0.00000001
27.63278780 0.00000000
27.75000000 0.00000000
27.86721220 0.00000000
27.95755597 0.00000000
28.00000000 0.00000000
28.04244403 0.00000000
28.13278780 0.00000000
28.25000000 0.00000000
28.36721220 0.00000000
28.45755597 0.00000000
28.50000000 0.00000000
28.54244403 0.00000000
28.63278780 0.00000000
28.75000000 0.00000000
28.86721220 0.00000000
28.95755597 0.00000000
29.00000000 0.00000000
29.04244403 0.00000000
29.13278780 0.00000000
29.25000000 0.00000000
29.36721220 0.00000000
29.45755597 0.00000000
29.50000000 0.00000000
29.54244403 0.00000000
29.63278780 0.00000000
29.75000000 0.00000000
29.86721220 0.00000000
29.95755597 0.00000000
30.00000000 0.00000000
30.04244403 0.00000000
30.13278780 0.00000000
30.25000000 0.00000000
30.36721220 0.00000000
30.45755597 0.00000000
30.50000000 0.00000000
30.54244403 0.00000000
30.63278780 0.00000000
30.75000000 0.00000000
30.86721220 0.00000000
30.95755597 0.00000000
31.00000000 0.00000000
31.04244403 0.00000000
31.13278780 -0.00000000
31.25000000 0.00000000
31.36721220 -0.00000000
31.45755597 0.00000000
31.50000000 0.00000000
31.54244403 0.00000000
31.63278780 -0.00000000
31.75000000 0.00000000
31.86721220 -0.00000000
31.95755597 -0.00000000
32.00000000 0.00000000
32.04244403 0.00000000
32.13278780 -0.00000000
32.25000000 -0.00000000
32.36721220 0.00000000
32.45755597 -0.00000000
32.50000000 -0.00000000
32.54244403 0.00000000
32.63278780 0.00000000
32.75000000 -0.00000000
32.86721220 0.00000000
32.95755597 -0.00000000
33.00000000 -0.00000000
33.04244403 -0.00000000
33.13278780 0.00000000
33.25000000 -0.00000000
33.36721220 0.00000000
33.45755597 -0.00000000
33.50000000 -0.00000000
33.54244403 -0.00000000
33.63278780 0.00000000
33.75000000 -0.00000000
33.86721220 0.00000000
33.95755597 0.00000000
34.00000000 -0.00000000
34.04244403 -0.00000000
34.13278780 0.00000000
34.25000000 -0.00000000
34.36721220 -0.00000000
34.45755597 0.00000000
34.50000000 -0.00000000
34.54244403 -0.00000000
34.63278780 0.00000000
34.75000000 0.00000000
34.86721220 -0.00000000
34.95755597 0.00000000
35.00000000 0.00000000
35.04244403 -0.00000000
35.13278780 -0.00000000
35.25000000 0.00000000
35.36721220 -0.00000000
35.45755597 0.00000000
35.50000000 0.00000000
35.54244403 0.00000000
35.63278780 -0.00000000
35.75000000 0.00000000
35.86721220 -0.00000000
35.95755597 0.00000000
36.00000000 0.00000000
36.04244403 0.00000000
36.13278780 -0.00000000
36.25000000 0.00000000
36.36721220 -0.00000000
36.45755597 -0.00000000
36.50000000 0.00000000
36.54244403 0.00000000
36.63278780 -0.00000000
36.75000000 0.00000000
36.86721220 -0.00000000
36.95755597 -0.00000000
37.00000000 0.00000000
37.04244403 0.00000000
37.13278780 -0.00000000
37.25000000 0.00000000
37.36721220 0.00000000
37.45755597 -0.00000000
37.50000000 -0.00000000
37.54244403 0.00000000
37.63278780 0.00000000
37.75000000 -0.00000000
37.86721220 0.00000000
37.95755597 -0.00000000
38.00000000 -0.00000000
38.04244403 -0.00000000
38.13278780 0.00000000
38.25000000 -0.00000000
38.36721220 0.00000000
38.45755597 0.00000000
38.50000000 -0.00000000
38.54244403 -0.00000000
38.63278780 0.00000000
38.75000000 -0.00000000
38.86721220 0.00000000
38.95755597 0.00000000
39.00000000 -0.00000000
39.04244403 -0.00000000
39.13278780 0.00000000
39.25000000 -0.00000000
39.36721220 0.00000000
39.45755597 0.00000000
39.50000000 -0.00000000
39.54244403 -0.00000000
39.63278780 0.00000000
39.75000000 -0.00000000
39.86721220 0.00000000
39.95755597 0.00000000
40.00000000 -0.00000000
40.04244403 -0.00000000
40.13278780 0.00000000
40.25000000 -0.00000000
40.36721220 0.00000000
40.45755597 -0.00000000
40.50000000 0.00000000
40.54244403 0.00000000
40.63278780 -0.00000000
40.75000000 0.00000000
40.86721220 -0.00000000
40.95755597 -0.00000000
41.00000000 0.00000000
41.04244403 0.00000000
41.13278780 -0.00000000
41.25000000 0.00000000
41.36721220 -0.00000000
41.45755597 -0.00000000
41.50000000 0.00000000
41.54244403 0.00000000
41.63278780 -0.00000000
41.75000000 0.00000000
41.86721220 -0.00000000
41.95755597 -0.00000000
42.00000000 0.00000000
42.04244403 0.00000000
42.13278780 -0.00000000
42.25000000 0.00000000
42.36721220 -0.00000000
42.45755597 0.00000000
42.50000000 0.00000000
42.54244403 0.00000000
42.63278780 -0.00000000
42.75000000 0.00000000
42.86721220 -0.00000000
42.95755597 0.00000000
43.00000000 0.00000000
43.04244403 -0.00000000
43.13278780 -0.00000000
43.25000000 0.00000000
43.36721220 -0.00000000
43.45755597 0.00000000
43.50000000 0.00000000
43.54244403 -0.00000000
43.63278780 0.00000000
43.75000000 -0.00000000
43.86721220 -0.00000000
43.95755597 0.00000000
44.00000000 -0.00000000
44.04244403 -0.00000000
44.13278780 0.00000000
44.25000000 -0.00000000
44.36721220 0.00000000
44.45755597 0.00000000
44.50000000 -0.00000000
44.54244403 -0.00000000
44.63278780 0.00000000
44.75000000 -0.00000000
44.86721220 0.00000000
44.95755597 0.00000000
45.00000000 -0.00000000
45.04244403 0.00000000
45.13278780 0.00000000
45.25000000 -0.00000000
45.36721220 0.00000000
45.45755597 0.00000000
45.50000000 -0.00000000
45.54244403 0.00000000
45.63278780 0.00000000
45.75000000 -0.00000000
45.86721220 0.00000000
45.95755597 0.00000000
46.00000000 -0.00000000
46.04244403 0.00000000
46.13278780 0.00000000
46.25000000 -0.00000000
46.36721220 0.00000000
46.45755597 -0.00000000
46.50000000 0.00000000
46.54244403 -0.00000000
46.63278780 -0.00000000
46.75000000 -0.00000000
46.86721220 -0.00000000
46.95755597 -0.00000000
47.00000000 0.00000000
47.04244403 -0.00000000
47.13278780 -0.00000000
47.25000000 -0.00000000
47.36721220 -0.00000000
47.45755597 -0.00000000
47.50000000 0.00000000
47.54244403 -0.00000000
47.63278780 -0.00000000
47.75000000 -0.00000000
47.86721220 -0.00000000
47.95755597 -0.00000000
48.00000000 -0.00000000
48.04244403 -0.00000000
48.13278780 -0.00000000
48.25000000 -0.00000000
48.36721220 -0.00000000
48.45755597 -0.00000000
48.50000000 -0.00000000
48.54244403 -0.00000000
48.63278780 -0.00000000
48.75000000 -0.00000000
48.86721220 -0.00000000
48.95755597 -0.00000000
49.00000000 -0.00000000
49.04244403 -0.00000000
49.13278780 -0.00000000
49.25000000 -0.00000000
49.36721220 -0.00000000
49.45755597 -0.00000000
49.50000000 -0.00000000
49.54244403 -0.00000000
49.63278780 -0.00000000
49.75000000 -0.00000000
49.86721220 -0.00000000
49.95755597 -0.00000000
50.00000000 -0.00000000
50.04244403 -0.00000000
50.13278780 -0.00000000
50.25000000 -0.00000000
50.36721220 -0.00000000
50.45755597 -0.00000000
50.50000000 -0.00000000
50.54244403 -0.00000000
50.63278780 -0.00000000
50.75000000 -0.00000000
50.86721220 -0.00000000
50.95755597 -0.00000000
51.00000000 -0.00000000
51.04244403 -0.00000000
51.13278780 -0.00000001
51.25000000 -0.00000001
51.36721220 -0.00000001
51.45755597 -0.00000001
51.50000000 -0.00000001
51.54244403 -0.00000002
51.63278780 -0.00000002
51.75000000 -0.00000003
51.86721220 -0.00000003
51.95755597 -0.00000004
52.00000000 -0.00000005
52.04244403 -0.00000005
52.13278780 -0.00000006
52.25000000 -0.00000009
52.36721220 -0.00000011
52.45755597 -0.00000014
52.50000000 -0.00000015
52.54244403 -0.00000017
52.63278780 -0.00000021
52.75000000 -0.00000027
52.86721220 -0.00000035
52.95755597 -0.00000043
53.00000000 -0.00000047
53.04244403 -0.00000052
53.13278780 -0.00000063
53.25000000 -0.00000081
53.36721220 -0.00000104
53.45755597 -0.00000126
53.50000000 -0.00000138
53.54244403 -0.00000151
53.63278780 -0.00000182
53.75000000 -0.00000232
53.86721220 -0.00000295
53.95755597 -0.00000354
54.00000000 -0.00000385
54.04244403 -0.00000419
54.13278780 -0.00000502
54.25000000 -0.00000631
54.36721220 -0.00000792
54.45755597 -0.00000942
54.50000000 -0.00001022
54.54244403 -0.00001108
54.63278780 -0.00001313
54.75000000 -0.00001633
54.86721220 -0.00002027
54.95755597 -0.00002388
55.00000000 -0.00002579
55.04244403 -0.00002783
55.13278780 -0.00003270
55.25000000 -0.00004020
55.36721220 -0.00004930
55.45755597 -0.00005758
55.50000000 -0.00006190
55.54244403 -0.00006652
55.63278780 -0.00007745
55.75000000 -0.00009412
55.86721220 -0.00011406
55.95755597 -0.00013202
56.00000000 -0.00014133
56.04244403 -0.00015124
56.13278780 -0.00017451
56.25000000 -0.00020959
56.36721220 -0.00025104
56.45755597 -0.00028796
56.50000000 -0.00030696
56.54244403 -0.00032710
56.63278780 -0.00037401
56.75000000 -0.00044397
56.86721220 -0.00052557
56.95755597 -0.00059744
57.00000000 -0.00063416
57.04244403 -0.00067290
57.13278780 -0.00076250
57.25000000 -0.00089457
57.36721220 -0.00104664
57.45755597 -0.00117906
57.50000000 -0.00124623
57.54244403 -0.00131676
57.63278780 -0.00147866
57.75000000 -0.00171457
57.86721220 -0.00198265
57.95755597 -0.00221340
58.00000000 -0.00232959
58.04244403 -0.00245099
58.13278780 -0.00272760
58.25000000 -0.00312589
58.36721220 -0.00357251
58.45755597 -0.00395243
58.50000000 -0.00414227
58.54244403 -0.00433967
58.63278780 -0.00478599
58.75000000 -0.00542093
58.86721220 -0.00612325
58.95755597 -0.00671348
59.00000000 -0.00700615
59.04244403 -0.00730894
59.13278780 -0.00798812
59.25000000 -0.00894242
59.36721220 -0.00998325
59.45755597 -0.01084710
59.50000000 -0.01127200
59.54244403 -0.01170934
59.63278780 -0.01268231
59.75000000 -0.01403194
59.86721220 -0.01548258
59.95755597 -0.01667096
60.00000000 -0.01725062
60.04244403 -0.01784400
60.13278780 -0.01915288
60.25000000 -0.02094412
60.36721220 -0.02284003
60.45755597 -0.02437192
60.50000000 -0.02511251
60.54244403 -0.02586629
60.63278780 -0.02751389
60.75000000 -0.02973643
60.86721220 -0.03205030
60.95755597 -0.03389231
61.00000000 -0.03477428
61.04244403 -0.03566634
61.13278780 -0.03759693
61.25000000 -0.04016041
61.36721220 -0.04278095
61.45755597 -0.04483276
61.50000000 -0.04580458
61.54244403 -0.04678060
61.63278780 -0.04886924
61.75000000 -0.05159296
61.86721220 -0.05431901
61.95755597 -0.05641218
62.00000000 -0.05739088
62.04244403 -0.05836551
62.13278780 -0.06042299
62.25000000 -0.06304725
62.36721220 -0.06560497
62.45755597 -0.06752023
62.50000000 -0.06840068
62.54244403 -0.06926765
62.63278780 -0.07106447
62.75000000 -0.07328679
62.86721220 -0.07537121
62.95755597 -0.07687390
63.00000000 -0.07754646
63.04244403 -0.07819673
63.13278780 -0.07950362
63.25000000 -0.08103440
63.36721220 -0.08236800
63.45755597 -0.08325460
63.50000000 -0.08362728
63.54244403 -0.08397135
63.63278780 -0.08460690
63.75000000 -0.08523102
63.86721220 -0.08562415
63.95755597 -0.08576742
64.00000000 -0.08578645
64.04244403 -0.08577457
64.13278780 -0.08564648
64.25000000 -0.08527288
64.36721220 -0.08466795
64.45755597 -0.08404687
64.50000000 -0.08370946
64.54244403 -0.08334338
64.63278780 -0.08247049
64.75000000 -0.08115393
64.86721220 -0.07963927
64.95755597 -0.07834409
65.00000000 -0.07769910
65.04244403 -0.07703166
65.13278780 -0.07553935
65.25000000 -0.07346727
65.36721220 -0.07125598
65.45755597 -0.06946674
65.50000000 -0.06860304
65.54244403 -0.06772569
65.63278780 -0.06581637
65.75000000 -0.06326513
65.86721220 -0.06064593
65.95755597 -0.05859139
66.00000000 -0.05761786
66.04244403 -0.05664009
66.13278780 -0.05454829
66.25000000 -0.05182287
66.36721220 -0.04909854
66.45755597 -0.04700862
66.50000000 -0.04603176
66.54244403 -0.04505896
66.63278780 -0.04300462
66.75000000 -0.04037992
66.86721220 -0.03781138
66.95755597 -0.03587634
67.00000000 -0.03498204
67.04244403 -0.03409774
67.13278780 -0.03225049
67.25000000 -0.02992931
67.36721220 -0.02769899
67.45755597 -0.02604512
67.50000000 -0.02528833
67.54244403 -0.02454469
67.63278780 -0.02300622
67.75000000 -0.02110161
67.86721220 -0.01930159
67.95755597 -0.01798591
68.00000000 -0.01738934
68.04244403 -0.01680651
68.13278780 -0.01561141
68.25000000 -0.01415216
68.36721220 -0.01279412
68.45755597 -0.01181481
68.50000000 -0.01137456
68.54244403 -0.01094676
68.63278780 -0.01007691
68.75000000 -0.00902856
68.86721220 -0.00806708
68.95755597 -0.00738261
69.00000000 -0.00707741
69.04244403 -0.00678239
69.13278780 -0.00618730
69.25000000 -0.00547902
69.36721220 -0.00483850
69.45755597 -0.00438815
69.50000000 -0.00418893
69.54244403 -0.00399732
69.63278780 -0.00361380
69.75000000 -0.00316283
69.86721220 -0.00276055
69.95755597 -0.00248109
70.00000000 -0.00235842
70.04244403 -0.00224101
70.13278780 -0.00200778
70.25000000 -0.00173676
70.36721220 -0.00149820
70.45755597 -0.00133443
70.50000000 -0.00126308
70.54244403 -0.00119511
70.63278780 -0.00106111
70.75000000 -0.00090718
70.86721220 -0.00077345
70.95755597 -0.00068271
71.00000000 -0.00064347
71.04244403 -0.00060627
71.13278780 -0.00053345
71.25000000 -0.00045075
71.36721220 -0.00037983
71.45755597 -0.00033225
71.50000000 -0.00031183
71.54244403 -0.00029256
71.63278780 -0.00025510
71.75000000 -0.00021304
71.86721220 -0.00017743
71.95755597 -0.00015381
72.00000000 -0.00014375
72.04244403 -0.00013429
72.13278780 -0.00011604
72.25000000 -0.00009578
72.36721220 -0.00007884
72.45755597 -0.00006773
72.50000000 -0.00006303
72.54244403 -0.00005863
72.63278780 -0.00005021
72.75000000 -0.00004095
72.86721220 -0.00003331
72.95755597 -0.00002835
73.00000000 -0.00002627
73.04244403 -0.00002433
73.13278780 -0.00002064
73.25000000 -0.00001662
73.36721220 -0.00001334
73.45755597 -0.00001123
73.50000000 -0.00001035
73.54244403 -0.00000953
73.63278780 -0.00000798
73.75000000 -0.00000630
73.86721220 -0.00000492
73.95755597 -0.00000403
74.00000000 -0.00000366
74.04244403 -0.00000330
74.13278780 -0.00000263
74.25000000 -0.00000186
74.36721220 -0.00000119
74.45755597 -0.00000072
74.50000000 -0.00000050
74.54244403 -0.00000029
74.63278780 0.00000017
74.75000000 0.00000078
74.86721220 0.00000145
74.95755597 0.00000203
75.00000000 0.00000233
75.04244403 0.00000249
75.13278780 0.00000286
75.25000000 0.00000343
75.36721220 0.00000410
75.45755597 0.00000470
75.50000000 0.00000501
75.54244403 0.00000534
75.63278780 0.00000611
75.75000000 0.00000727
75.86721220 0.00000865
75.95755597 0.00000987
76.00000000 0.00001050
76.04244403 0.00001117
76.13278780 0.00001272
76.25000000 0.00001505
76.36721220 0.00001779
76.45755597 0.00002021
76.50000000 0.00002146
76.54244403 0.00002277
76.63278780 0.00002583
76.75000000 0.00003039
76.86721220 0.00003570
76.95755597 0.00004038
77.00000000 0.00004277
77.04244403 0.00004530
77.13278780 0.00005115
77.25000000 0.00005982
77.36721220 0.00006986
77.45755597 0.00007867
77.50000000 0.00008315
77.54244403 0.00008788
77.63278780 0.00009880
77.75000000 0.00011486
77.86721220 0.00013336
77.95755597 0.00014949
78.00000000 0.00015768
78.04244403 0.00016629
78.13278780 0.00018610
78.25000000 0.00021510
78.36721220 0.00024829
78.45755597 0.00027705
78.50000000 0.00029162
78.54244403 0.00030689
78.63278780 0.00034191
78.75000000 0.00039288
78.86721220 0.00045083
78.95755597 0.00050081
79.00000000 0.00052601
79.04244403 0.00055238
79.13278780 0.00061264
79.25000000 0.00069987
79.36721220 0.00079842
79.45755597 0.00088292
79.50000000 0.00092539
79.54244403 0.00096973
79.63278780 0.00107066
79.75000000 0.00121596
79.86721220 0.00137907
79.95755597 0.00151816
80.00000000 0.00158781
80.04244403 0.00166036
80.13278780 0.00182493
80.25000000 0.00206047
80.36721220 0.00232322
80.45755597 0.00254600
80.50000000 0.00265717
80.54244403 0.00277270
80.63278780 0.00303378
80.75000000 0.00340533
80.86721220 0.00381714
80.95755597 0.00416434
81.00000000 0.00433696
81.04244403 0.00451593
81.13278780 0.00491888
81.25000000 0.00548906
81.36721220 0.00611692
81.45755597 0.00664321
81.50000000 0.00690393
81.54244403 0.00717359
81.63278780 0.00777848
81.75000000 0.00862942
81.86721220 0.00956030
81.95755597 0.01033608
82.00000000 0.01071896
82.04244403 0.01111402
82.13278780 0.01199688
82.25000000 0.01323153
82.36721220 0.01457322
82.45755597 0.01568479
82.50000000 0.01623132
82.54244403 0.01679388
82.63278780 0.01804624
82.75000000 0.01978718
82.86721220 0.02166628
82.95755597 0.02321379
83.00000000 0.02397176
83.04244403 0.02475002
83.13278780 0.02647584
83.25000000 0.02886039
83.36721220 0.03141651
83.45755597 0.03350875
83.50000000 0.03452952
83.54244403 0.03557498
83.63278780 0.03788414
83.75000000 0.04105490
83.86721220 0.04442997
83.95755597 0.04717532
84.00000000 0.04850938
84.04244403 0.04987217
84.13278780 0.05287004
84.25000000 0.05696032
84.36721220 0.06128280
84.45755597 0.06477627
84.50000000 0.06646687
84.54244403 0.06818931
84.63278780 0.07196250
84.75000000 0.07707688
84.86721220 0.08244142
84.95755597 0.08674836
85.00000000 0.08882374
85.04244403 0.09093239
85.13278780 0.09553159
85.25000000 0.10172320
85.36721220 0.10816742
85.45755597 0.11330544
85.50000000 0.11577026
85.54244403 0.11826739
85.63278780 0.12368922
85.75000000 0.13093627
85.86721220 0.13841766
85.95755597 0.14433918
86.00000000 0.14716648
86.04244403 0.15002215
86.13278780 0.15619267
86.25000000 0.16437805
86.36721220 0.17275491
86.45755597 0.17933355
86.50000000 0.18245874
86.54244403 0.18560495
86.63278780 0.19236819
86.75000000 0.20126648
86.86721220 0.21028729
86.95755597 0.21731144
87.00000000 0.22062978
87.04244403 0.22395844
87.13278780 0.23107317
87.25000000 0.24034921
87.36721220 0.24965442
87.45755597 0.25683085
87.50000000 0.26019991
87.54244403 0.26356569
87.63278780 0.27071313
87.75000000 0.27993516
87.86721220 0.28907396
87.95755597 0.29604330
88.00000000 0.29929096
88.04244403 0.30251974
88.13278780 0.30932320
88.25000000 0.31799154
88.36721220 0.32645400
88.45755597 0.33281783
88.50000000 0.33575565
88.54244403 0.33865840
88.63278780 0.34471401
88.75000000 0.35230345
88.86721220 0.35956566
88.95755597 0.36492288
89.00000000 0.36736368
89.04244403 0.36975420
89.13278780 0.37466962
89.25000000 0.38068109
89.36721220 0.38625799
89.45755597 0.39024615
89.50000000 0.39202352
89.54244403 0.39373804
89.63278780 0.39717418
89.75000000 0.40118867
89.86721220 0.40468737
89.95755597 0.40702309
90.00000000 0.40801008
90.04244403 0.40892579
90.13278780 0.41063538
90.25000000 0.41236217
90.36721220 0.41352769
90.45755597 0.41403992
90.50000000 0.41416405
90.54244403 0.41421360
90.63278780 0.41407064
90.75000000 0.41338208
90.86721220 0.41212806
90.95755597 0.41077878
91.00000000 0.41003084
91.04244403 0.40921053
91.13278780 0.40722560
91.25000000 0.40417273
91.36721220 0.40059201
91.45755597 0.39748090
91.50000000 0.39591605
91.54244403 0.39428632
91.63278780 0.39060531
91.75000000 0.38541162
91.86721220 0.37976485
91.95755597 0.37511714
92.00000000 0.37284821
92.04244403 0.37052625
92.13278780 0.36541264
92.25000000 0.35844697
92.36721220 0.35113132
92.45755597 0.34527080
92.50000000 0.34245485
92.54244403 0.33960068
92.63278780 0.33340436
92.75000000 0.32513769
92.86721220 0.31664065
92.95755597 0.30995248
93.00000000 0.30677284
93.04244403 0.30357112
93.13278780 0.29668895
93.25000000 0.28764191
93.36721220 0.27848788
93.45755597 0.27137697
93.50000000 0.26802367
93.54244403 0.26466412
93.63278780 0.25749826
93.75000000 0.24818758
93.86721220 0.23888519
93.95755597 0.23173649
94.00000000 0.22838790
94.04244403 0.22504716
94.13278780 0.21796734
94.25000000 0.20885877
94.36721220 0.19985623
94.45755597 0.19300212
94.50000000 0.18981023
94.54244403 0.18663753
94.63278780 0.17995193
94.75000000 0.17142529
94.86721220 0.16307883
94.95755597 0.15677723
95.00000000 0.15385810
95.04244403 0.15096620
95.13278780 0.14490369
95.25000000 0.13723312
95.36721220 0.12979095
95.45755597 0.12421543
95.50000000 0.12164529
95.54244403 0.11910702
95.63278780 0.11381143
95.75000000 0.10716104
95.86721220 0.10076231
95.95755597 0.09600354
96.00000000 0.09382008
96.04244403 0.09167008
96.13278780 0.08720511
96.25000000 0.08163781
96.36721220 0.07632413
96.45755597 0.07240029
96.50000000 0.07060808
96.54244403 0.06884843
96.63278780 0.06521054
96.75000000 0.06070642
96.86721220 0.05644174
96.95755597 0.05331491
97.00000000 0.05189329
97.04244403 0.05050159
97.13278780 0.04763764
97.25000000 0.04411750
97.36721220 0.04081237
97.45755597 0.03840744
97.50000000 0.03731947
97.54244403 0.03625781
97.63278780 0.03408416
97.75000000 0.03143436
97.86721220 0.02897049
97.95755597 0.02719390
98.00000000 0.02639506
98.04244403 0.02561867
98.13278780 0.02403936
98.25000000 0.02213476
98.36721220 0.02038722
98.45755597 0.01914349
98.50000000 0.01858931
98.54244403 0.01805401
98.63278780 0.01697621
98.75000000 0.01569931
98.86721220 0.01455472
98.95755597 0.01375970
99.00000000 0.01341173
99.04244403 0.01307980
99.13278780 0.01242579
99.25000000 0.01168138
99.36721220 0.01105135
99.45755597 0.01064188
99.50000000 0.01047201
99.54244403 0.01031637
99.63278780 0.01003201
99.75000000 0.00975714
99.86721220 0.00958728
99.95755597 0.00952746
100.00000000 0.00952066
