0.00000000 0.00000000
0.04244403 0.00000000
0.13278780 0.00000000
0.25000000 0.00000000
0.36721220 0.00000000
0.45755597 0.00000000
0.50000000 0.00000000
0.54244403 0.00000000
0.63278780 0.00000000
0.75000000 0.00000000
0.86721220 0.00000000
0.95755597 0.00000000
1.00000000 0.00000000
1.04244403 0.00000000
1.13278780 0.00000000
1.25000000 0.00000000
1.36721220 0.00000000
1.45755597 0.00000000
1.50000000 0.00000000
1.54244403 0.00000000
1.63278780 0.00000000
1.75000000 0.00000000
1.86721220 0.00000000
1.95755597 0.00000000
2.00000000 0.00000000
2.04244403 0.00000000
2.13278780 0.00000000
2.25000000 0.00000000
2.36721220 0.00000000
2.45755597 0.00000000
2.50000000 0.00000000
2.54244403 0.00000000
2.63278780 0.00000000
2.75000000 0.00000000
2.86721220 0.00000000
2.95755597 0.00000000
3.00000000 0.00000000
3.04244403 0.00000000
3.13278780 0.00000000
3.25000000 0.00000000
3.36721220 0.00000000
3.45755597 0.00000000
3.50000000 0.00000000
3.54244403 0.00000000
3.63278780 0.00000000
3.75000000 0.00000000
3.86721220 0.00000000
3.95755597 0.00000000
4.00000000 0.00000000
4.04244403 0.00000000
4.13278780 0.00000000
4.25000000 0.00000000
4.36721220 0.00000000
4.45755597 0.00000000
4.50000000 0.00000000
4.54244403 0.00000000
4.63278780 0.00000000
4.75000000 0.00000000
4.86721220 0.00000000
4.95755597 0.00000000
5.00000000 0.00000000
5.04244403 0.00000000
5.13278780 0.00000000
5.25000000 0.00000000
5.36721220 0.00000000
5.45755597 0.00000000
5.50000000 0.00000000
5.54244403 0.00000000
5.63278780 0.00000000
5.75000000 0.00000000
5.86721220 0.00000000
5.95755597 0.00000000
6.00000000 0.00000000
6.04244403 0.00000000
6.13278780 0.00000000
6.25000000 0.00000000
6.36721220 0.00000000
6.45755597 0.00000000
6.50000000 0.00000000
6.54244403 0.00000000
6.63278780 0.00000000
6.75000000 0.00000000
6.86721220 0.00000000
6.95755597 0.00000000
7.00000000 0.00000000
7.04244403 0.00000000
7.13278780 0.00000000
7.25000000 0.00000000
7.36721220 0.00000000
7.45755597 0.00000000
7.50000000 0.00000000
7.54244403 0.00000000
7.63278780 0.00000000
7.75000000 0.00000000
7.86721220 0.00000000
7.95755597 0.00000000
8.00000000 0.00000000
8.04244403 0.00000000
8.13278780 0.00000000
8.25000000 0.00000000
8.36721220 0.00000000
8.45755597 0.00000000
8.50000000 0.00000000
8.54244403 0.00000000
8.63278780 0.00000000
8.75000000 0.00000000
8.86721220 0.00000000
8.95755597 0.00000000
9.00000000 0.00000000
9.04244403 0.00000000
9.13278780 0.00000000
9.25000000 0.00000000
9.36721220 0.00000000
9.45755597 0.00000000
9.50000000 0.00000000
9.54244403 0.00000000
9.63278780 0.00000000
9.75000000 0.00000000
9.86721220 0.00000000
9.95755597 0.00000000
10.00000000 0.00000000
10.04244403 0.00000000
10.13278780 0.00000000
10.25000000 0.00000000
10.36721220 0.00000000
10.45755597 0.00000000
10.50000000 0.00000000
10.54244403 0.00000000
10.63278780 0.00000000
10.75000000 0.00000000
10.86721220 0.00000000
10.95755597 0.00000000
11.00000000 0.00000000
11.04244403 0.00000000
11.13278780 0.00000000
11.25000000 0.00000000
11.36721220 0.00000000
11.45755597 0.00000000
11.50000000 0.00000000
11.54244403 0.00000000
11.63278780 0.00000000
11.75000000 0.00000000
11.86721220 0.00000000
11.95755597 0.00000000
12.00000000 0.00000000
12.04244403 0.00000000
12.13278780 0.00000000
12.25000000 0.00000000
12.36721220 0.00000000
12.45755597 0.00000000
12.50000000 0.00000000
12.54244403 0.00000000
12.63278780 0.00000000
12.75000000 0.00000000
12.86721220 0.00000000
12.95755597 0.00000000
13.00000000 0.00000000
13.04244403 0.00000000
13.13278780 0.00000000
13.25000000 0.00000000
13.36721220 0.00000000
13.45755597 0.00000000
13.50000000 0.00000000
13.54244403 0.00000000
13.63278780 0.00000000
13.75000000 0.00000000
13.86721220 0.00000000
13.95755597 0.00000000
14.00000000 0.00000000
14.04244403 0.00000000
14.13278780 0.00000000
14.25000000 0.00000000
14.36721220 0.00000000
14.45755597 0.00000000
14.50000000 0.00000000
14.54244403 0.00000000
14.63278780 0.00000000
14.75000000 0.00000000
14.86721220 0.00000000
14.95755597 0.00000000
15.00000000 0.00000000
15.04244403 0.00000000
15.13278780 0.00000000
15.25000000 0.00000000
15.36721220 0.00000000
15.45755597 0.00000000
15.50000000 0.00000000
15.54244403 0.00000000
15.63278780 0.00000000
15.75000000 0.00000000
15.86721220 0.00000000
15.95755597 0.00000000
16.00000000 0.00000000
16.04244403 0.00000000
16.13278780 0.00000000
16.25000000 0.00000000
16.36721220 0.00000000
16.45755597 0.00000000
16.50000000 0.00000000
16.54244403 0.00000000
16.63278780 0.00000000
16.75000000 0.00000000
16.86721220 0.00000000
16.95755597 0.00000000
17.00000000 0.00000000
17.04244403 0.00000000
17.13278780 0.00000000
17.25000000 0.00000000
17.36721220 0.00000000
17.45755597 0.00000000
17.50000000 0.00000000
17.54244403 0.00000000
17.63278780 0.00000000
17.75000000 0.00000000
17.86721220 0.00000000
17.95755597 0.00000000
18.00000000 0.00000000
18.04244403 0.00000000
18.13278780 0.00000000
18.25000000 0.00000000
18.36721220 0.00000000
18.45755597 0.00000000
18.50000000 0.00000000
18.54244403 0.00000000
18.63278780 0.00000000
18.75000000 0.00000000
18.86721220 0.00000000
18.95755597 0.00000000
19.00000000 0.00000000
19.04244403 0.00000000
19.13278780 0.00000000
19.25000000 0.00000000
19.36721220 0.00000000
19.45755597 0.00000000
19.50000000 0.00000000
19.54244403 0.00000000
19.63278780 0.00000000
19.75000000 0.00000000
19.86721220 0.00000000
19.95755597 0.00000000
20.00000000 0.00000000
20.04244403 0.00000000
20.13278780 0.00000000
20.25000000 0.00000000
20.36721220 0.00000000
20.45755597 0.00000000
20.50000000 0.00000000
20.54244403 0.00000000
20.63278780 0.00000000
20.75000000 0.00000000
20.86721220 0.00000000
20.95755597 0.00000000
21.00000000 0.00000000
21.04244403 0.00000000
21.13278780 0.00000000
21.25000000 0.00000000
21.36721220 0.00000000
21.45755597 0.00000000
21.50000000 0.00000000
21.54244403 0.00000000
21.63278780 0.00000000
21.75000000 0.00000000
21.86721220 0.00000000
21.95755597 0.00000000
22.00000000 0.00000000
22.04244403 0.00000000
22.13278780 0.00000000
22.25000000 0.00000000
22.36721220 0.00000000
22.45755597 0.00000000
22.50000000 0.00000000
22.54244403 0.00000000
22.63278780 0.00000000
22.75000000 0.00000000
22.86721220 0.00000000
22.95755597 0.00000000
23.00000000 0.00000000
23.04244403 0.00000000
23.13278780 0.00000000
23.25000000 0.00000000
23.36721220 0.00000000
23.45755597 0.00000000
23.50000000 0.00000000
23.54244403 0.00000000
23.63278780 0.00000000
23.75000000 0.00000000
23.86721220 0.00000000
23.95755597 0.00000000
24.00000000 0.00000000
24.04244403 0.00000000
24.13278780 0.00000000
24.25000000 0.00000000
24.36721220 0.00000000
24.45755597 0.00000000
24.50000000 0.00000000
24.54244403 0.00000000
24.63278780 0.00000000
24.75000000 0.00000000
24.86721220 0.00000000
24.95755597 0.00000000
25.00000000 0.00000000
25.04244403 0.00000000
25.13278780 0.00000000
25.25000000 0.00000000
25.36721220 0.00000000
25.45755597 0.00000000
25.50000000 0.00000000
25.54244403 0.00000000
25.63278780 0.00000000
25.75000000 0.00000000
25.86721220 0.00000000
25.95755597 0.00000000
26.00000000 0.00000000
26.04244403 0.00000000
26.13278780 0.00000000
26.25000000 0.00000000
26.36721220 0.00000000
26.45755597 0.00000000
26.50000000 0.00000000
26.54244403 0.00000000
26.63278780 0.00000000
26.75000000 0.00000000
26.86721220 0.00000000
26.95755597 0.00000000
27.00000000 0.00000000
27.04244403 0.00000000
27.13278780 0.00000000
27.25000000 0.00000000
27.36721220 0.00000000
27.45755597 0.00000000
27.50000000 0.00000000
27.54244403 0.00000000
27.63278780 0.00000000
27.75000000 0.00000000
27.86721220 0.00000000
27.95755597 0.00000000
28.00000000 0.00000000
28.04244403 0.00000000
28.13278780 0.00000000
28.25000000 0.00000000
28.36721220 0.00000000
28.45755597 0.00000000
28.50000000 0.00000000
28.54244403 0.00000000
28.63278780 0.00000000
28.75000000 0.00000000
28.86721220 0.00000000
28.95755597 0.00000000
29.00000000 0.00000000
29.04244403 0.00000000
29.13278780 0.00000000
29.25000000 0.00000000
29.36721220 0.00000000
29.45755597 0.00000000
29.50000000 0.00000000
29.54244403 0.00000000
29.63278780 0.00000000
29.75000000 0.00000000
29.86721220 0.00000000
29.95755597 0.00000000
30.00000000 0.00000000
30.04244403 0.00000000
30.13278780 0.00000000
30.25000000 0.00000000
30.36721220 0.00000000
30.45755597 0.00000000
30.50000000 0.00000000
30.54244403 0.00000000
30.63278780 0.00000000
30.75000000 0.00000000
30.86721220 0.00000000
30.95755597 0.00000000
31.00000000 0.00000000
31.04244403 0.00000000
31.13278780 0.00000000
31.25000000 0.00000000
31.36721220 0.00000000
31.45755597 0.00000000
31.50000000 0.00000000
31.54244403 0.00000000
31.63278780 0.00000000
31.75000000 0.00000000
31.86721220 0.00000000
31.95755597 0.00000000
32.00000000 0.00000000
32.04244403 0.00000000
32.13278780 0.00000000
32.25000000 0.00000000
32.36721220 0.00000000
32.45755597 0.00000000
32.50000000 0.00000000
32.54244403 0.00000000
32.63278780 0.00000000
32.75000000 0.00000000
32.86721220 0.00000000
32.95755597 0.00000000
33.00000000 0.00000000
33.04244403 0.00000000
33.13278780 0.00000000
33.25000000 0.00000000
33.36721220 0.00000000
33.45755597 0.00000000
33.50000000 0.00000000
33.54244403 0.00000000
33.63278780 0.00000000
33.75000000 0.00000000
33.86721220 0.00000000
33.95755597 0.00000000
34.00000000 0.00000000
34.04244403 0.00000000
34.13278780 0.00000000
34.25000000 0.00000000
34.36721220 0.00000000
34.45755597 0.00000000
34.50000000 0.00000000
34.54244403 0.00000000
34.63278780 0.00000000
34.75000000 0.00000000
34.86721220 0.00000000
34.95755597 0.00000000
35.00000000 0.00000000
35.04244403 0.00000000
35.13278780 0.00000000
35.25000000 0.00000000
35.36721220 0.00000000
35.45755597 0.00000000
35.50000000 0.00000000
35.54244403 0.00000000
35.63278780 0.00000000
35.75000000 0.00000000
35.86721220 0.00000000
35.95755597 0.00000000
36.00000000 0.00000000
36.04244403 0.00000000
36.13278780 0.00000000
36.25000000 0.00000001
36.36721220 0.00000001
36.45755597 0.00000001
36.50000000 0.00000001
36.54244403 0.00000001
36.63278780 0.00000002
36.75000000 0.00000002
36.86721220 0.00000003
36.95755597 0.00000004
37.00000000 0.00000005
37.04244403 0.00000005
37.13278780 0.00000006
37.25000000 0.00000009
37.36721220 0.00000012
37.45755597 0.00000015
37.50000000 0.00000016
37.54244403 0.00000018
37.63278780 0.00000023
37.75000000 0.00000030
37.86721220 0.00000040
37.95755597 0.00000050
38.00000000 0.00000056
38.04244403 0.00000062
38.13278780 0.00000077
38.25000000 0.00000101
38.36721220 0.00000133
38.45755597 0.00000164
38.50000000 0.00000180
38.54244403 0.00000199
38.63278780 0.00000245
38.75000000 0.00000319
38.86721220 0.00000414
38.95755597 0.00000506
39.00000000 0.00000556
39.04244403 0.00000610
39.13278780 0.00000743
39.25000000 0.00000958
39.36721220 0.00001230
39.45755597 0.00001490
39.50000000 0.00001629
39.54244403 0.00001780
39.63278780 0.00002149
39.75000000 0.00002736
39.86721220 0.00003475
39.95755597 0.00004170
40.00000000 0.00004540
40.04244403 0.00004941
40.13278780 0.00005911
40.25000000 0.00007439
40.36721220 0.00009336
40.45755597 0.00011102
40.50000000 0.00012036
40.54244403 0.00013045
40.63278780 0.00015463
40.75000000 0.00019234
40.86721220 0.00023859
40.95755597 0.00028116
41.00000000 0.00030354
41.04244403 0.00032758
41.13278780 0.00038482
41.25000000 0.00047308
41.36721220 0.00057999
41.45755597 0.00067734
41.50000000 0.00072815
41.54244403 0.00078249
41.63278780 0.00091095
41.75000000 0.00110684
41.86721220 0.00134116
41.95755597 0.00155219
42.00000000 0.00166156
42.04244403 0.00177799
42.13278780 0.00205126
42.25000000 0.00246331
42.36721220 0.00295002
42.45755597 0.00338349
42.50000000 0.00360656
42.54244403 0.00384295
42.63278780 0.00439371
42.75000000 0.00521482
42.86721220 0.00617241
42.95755597 0.00701572
43.00000000 0.00744658
43.04244403 0.00790106
43.13278780 0.00895216
43.25000000 0.01050137
43.36721220 0.01228486
43.45755597 0.01383772
43.50000000 0.01462533
43.54244403 0.01545222
43.63278780 0.01735041
43.75000000 0.02011579
43.86721220 0.02325794
43.95755597 0.02596222
44.00000000 0.02732372
44.04244403 0.02874627
44.13278780 0.03198725
44.25000000 0.03665337
44.36721220 0.04188490
44.45755597 0.04633449
44.50000000 0.04855782
44.54244403 0.05086950
44.63278780 0.05609567
44.75000000 0.06352956
44.86721220 0.07175117
44.95755597 0.07865971
45.00000000 0.08208500
45.04244403 0.08562858
45.13278780 0.09357655
45.25000000 0.10474253
45.36721220 0.11691919
45.45755597 0.12702393
45.50000000 0.13199384
45.54244403 0.13710880
45.63278780 0.14848754
45.75000000 0.16426899
45.86721220 0.18122906
45.95755597 0.19512101
46.00000000 0.20189652
46.04244403 0.20883205
46.13278780 0.22412911
46.25000000 0.24506054
46.36721220 0.26721152
46.45755597 0.28510693
46.50000000 0.29375770
46.54244403 0.30256192
46.63278780 0.32180426
46.75000000 0.34775746
46.86721220 0.37477256
46.95755597 0.39627512
47.00000000 0.40656966
47.04244403 0.41698137
47.13278780 0.43951186
47.25000000 0.46942347
47.36721220 0.49999501
47.45755597 0.52392740
47.50000000 0.53526143
47.54244403 0.54664366
47.63278780 0.57099812
47.75000000 0.60275166
47.86721220 0.63452513
47.95755597 0.65891696
48.00000000 0.67032005
48.04244403 0.68167482
48.13278780 0.70564137
48.25000000 0.73620255
48.36721220 0.76597971
48.45755597 0.78827099
48.50000000 0.79851622
48.54244403 0.80860322
48.63278780 0.82950435
48.75000000 0.85534533
48.86721220 0.87957115
48.95755597 0.89702733
49.00000000 0.90483742
49.04244403 0.91238672
49.13278780 0.92755267
49.25000000 0.94530278
49.36721220 0.96074905
49.45755597 0.97100414
49.50000000 0.97530991
49.54244403 0.97928188
49.63278780 0.98660603
49.75000000 0.99376949
49.86721220 0.99823829
49.95755597 0.99981987
50.00000000 1.00000000
50.04244403 0.99981987
50.13278780 0.99823829
50.25000000 0.99376949
50.36721220 0.98660603
50.45755597 0.97928188
50.50000000 0.97530991
50.54244403 0.97100414
50.63278780 0.96074905
50.75000000 0.94530278
50.86721220 0.92755267
50.95755597 0.91238672
51.00000000 0.90483742
51.04244403 0.89702733
51.13278780 0.87957115
51.25000000 0.85534533
51.36721220 0.82950435
51.45755597 0.80860322
51.50000000 0.79851622
51.54244403 0.78827099
51.63278780 0.76597971
51.75000000 0.73620255
51.86721220 0.70564137
51.95755597 0.68167482
52.00000000 0.67032005
52.04244403 0.65891696
52.13278780 0.63452513
52.25000000 0.60275166
52.36721220 0.57099812
52.45755597 0.54664366
52.50000000 0.53526143
52.54244403 0.52392740
52.63278780 0.49999501
52.75000000 0.46942347
52.86721220 0.43951186
52.95755597 0.41698137
53.00000000 0.40656966
53.04244403 0.39627512
53.13278780 0.37477256
53.25000000 0.34775746
53.36721220 0.32180426
53.45755597 0.30256192
53.50000000 0.29375770
53.54244403 0.28510693
53.63278780 0.26721152
53.75000000 0.24506054
53.86721220 0.22412911
53.95755597 0.20883205
54.00000000 0.20189652
54.04244403 0.19512101
54.13278780 0.18122906
54.25000000 0.16426899
54.36721220 0.14848754
54.45755597 0.13710880
54.50000000 0.13199384
54.54244403 0.12702393
54.63278780 0.11691919
54.75000000 0.10474253
54.86721220 0.09357655
54.95755597 0.08562858
55.00000000 0.08208500
55.04244403 0.07865971
55.13278780 0.07175117
55.25000000 0.06352956
55.36721220 0.05609567
55.45755597 0.05086950
55.50000000 0.04855782
55.54244403 0.04633449
55.63278780 0.04188490
55.75000000 0.03665337
55.86721220 0.03198725
55.95755597 0.02874627
56.00000000 0.02732372
56.04244403 0.02596222
56.13278780 0.02325794
56.25000000 0.02011579
56.36721220 0.01735041
56.45755597 0.01545222
56.50000000 0.01462533
56.54244403 0.01383772
56.63278780 0.01228486
56.75000000 0.01050137
56.86721220 0.00895216
56.95755597 0.00790106
57.00000000 0.00744658
57.04244403 0.00701572
57.13278780 0.00617241
57.25000000 0.00521482
57.36721220 0.00439371
57.45755597 0.00384295
57.50000000 0.00360656
57.54244403 0.00338349
57.63278780 0.00295002
57.75000000 0.00246331
57.86721220 0.00205126
57.95755597 0.00177799
58.00000000 0.00166156
58.04244403 0.00155219
58.13278780 0.00134116
58.25000000 0.00110684
58.36721220 0.00091095
58.45755597 0.00078249
58.50000000 0.00072815
58.54244403 0.00067734
58.63278780 0.00057999
58.75000000 0.00047308
58.86721220 0.00038482
58.95755597 0.00032758
59.00000000 0.00030354
59.04244403 0.00028116
59.13278780 0.00023859
59.25000000 0.00019234
59.36721220 0.00015463
59.45755597 0.00013045
59.50000000 0.00012036
59.54244403 0.00011102
59.63278780 0.00009336
59.75000000 0.00007439
59.86721220 0.00005911
59.95755597 0.00004941
60.00000000 0.00004540
60.04244403 0.00004170
60.13278780 0.00003475
60.25000000 0.00002736
60.36721220 0.00002149
60.45755597 0.00001780
60.50000000 0.00001629
60.54244403 0.00001490
60.63278780 0.00001230
60.75000000 0.00000958
60.86721220 0.00000743
60.95755597 0.00000610
61.00000000 0.00000556
61.04244403 0.00000506
61.13278780 0.00000414
61.25000000 0.00000319
61.36721220 0.00000245
61.45755597 0.00000199
61.50000000 0.00000180
61.54244403 0.00000164
61.63278780 0.00000133
61.75000000 0.00000101
61.86721220 0.00000077
61.95755597 0.00000062
62.00000000 0.00000056
62.04244403 0.00000050
62.13278780 0.00000040
62.25000000 0.00000030
62.36721220 0.00000023
62.45755597 0.00000018
62.50000000 0.00000016
62.54244403 0.00000015
62.63278780 0.00000012
62.75000000 0.00000009
62.86721220 0.00000006
62.95755597 0.00000005
63.00000000 0.00000005
63.04244403 0.00000004
63.13278780 0.00000003
63.25000000 0.00000002
63.36721220 0.00000002
63.45755597 0.00000001
63.50000000 0.00000001
63.54244403 0.00000001
63.63278780 0.00000001
63.75000000 0.00000001
63.86721220 0.00000000
63.95755597 0.00000000
64.00000000 0.00000000
64.04244403 0.00000000
64.13278780 0.00000000
64.25000000 0.00000000
64.36721220 0.00000000
64.45755597 0.00000000
64.50000000 0.00000000
64.54244403 0.00000000
64.63278780 0.00000000
64.75000000 0.00000000
64.86721220 0.00000000
64.95755597 0.00000000
65.00000000 0.00000000
65.04244403 0.00000000
65.13278780 0.00000000
65.25000000 0.00000000
65.36721220 0.00000000
65.45755597 0.00000000
65.50000000 0.00000000
65.54244403 0.00000000
65.63278780 0.00000000
65.75000000 0.00000000
65.86721220 0.00000000
65.95755597 0.00000000
66.00000000 0.00000000
66.04244403 0.00000000
66.13278780 0.00000000
66.25000000 0.00000000
66.36721220 0.00000000
66.45755597 0.00000000
66.50000000 0.00000000
66.54244403 0.00000000
66.63278780 0.00000000
66.75000000 0.00000000
66.86721220 0.00000000
66.95755597 0.00000000
67.00000000 0.00000000
67.04244403 0.00000000
67.13278780 0.00000000
67.25000000 0.00000000
67.36721220 0.00000000
67.45755597 0.00000000
67.50000000 0.00000000
67.54244403 0.00000000
67.63278780 0.00000000
67.75000000 0.00000000
67.86721220 0.00000000
67.95755597 0.00000000
68.00000000 0.00000000
68.04244403 0.00000000
68.13278780 0.00000000
68.25000000 0.00000000
68.36721220 0.00000000
68.45755597 0.00000000
68.50000000 0.00000000
68.54244403 0.00000000
68.63278780 0.00000000
68.75000000 0.00000000
68.86721220 0.00000000
68.95755597 0.00000000
69.00000000 0.00000000
69.04244403 0.00000000
69.13278780 0.00000000
69.25000000 0.00000000
69.36721220 0.00000000
69.45755597 0.00000000
69.50000000 0.00000000
69.54244403 0.00000000
69.63278780 0.00000000
69.75000000 0.00000000
69.86721220 0.00000000
69.95755597 0.00000000
70.00000000 0.00000000
70.04244403 0.00000000
70.13278780 0.00000000
70.25000000 0.00000000
70.36721220 0.00000000
70.45755597 0.00000000
70.50000000 0.00000000
70.54244403 0.00000000
70.63278780 0.00000000
70.75000000 0.00000000
70.86721220 0.00000000
70.95755597 0.00000000
71.00000000 0.00000000
71.04244403 0.00000000
71.13278780 0.00000000
71.25000000 0.00000000
71.36721220 0.00000000
71.45755597 0.00000000
71.50000000 0.00000000
71.54244403 0.00000000
71.63278780 0.00000000
71.75000000 0.00000000
71.86721220 0.00000000
71.95755597 0.00000000
72.00000000 0.00000000
72.04244403 0.00000000
72.13278780 0.00000000
72.25000000 0.00000000
72.36721220 0.00000000
72.45755597 0.00000000
72.50000000 0.00000000
72.54244403 0.00000000
72.63278780 0.00000000
72.75000000 0.00000000
72.86721220 0.00000000
72.95755597 0.00000000
73.00000000 0.00000000
73.04244403 0.00000000
73.13278780 0.00000000
73.25000000 0.00000000
73.36721220 0.00000000
73.45755597 0.00000000
73.50000000 0.00000000
73.54244403 0.00000000
73.63278780 0.00000000
73.75000000 0.00000000
73.86721220 0.00000000
73.95755597 0.00000000
74.00000000 0.00000000
74.04244403 0.00000000
74.13278780 0.00000000
74.25000000 0.00000000
74.36721220 0.00000000
74.45755597 0.00000000
74.50000000 0.00000000
74.54244403 0.00000000
74.63278780 0.00000000
74.75000000 0.00000000
74.86721220 0.00000000
74.95755597 0.00000000
75.00000000 0.00000000
75.04244403 0.00000000
75.13278780 0.00000000
75.25000000 0.00000000
75.36721220 0.00000000
75.45755597 0.00000000
75.50000000 0.00000000
75.54244403 0.00000000
75.63278780 0.00000000
75.75000000 0.00000000
75.86721220 0.00000000
75.95755597 0.00000000
76.00000000 0.00000000
76.04244403 0.00000000
76.13278780 0.00000000
76.25000000 0.00000000
76.36721220 0.00000000
76.45755597 0.00000000
76.50000000 0.00000000
76.54244403 0.00000000
76.63278780 0.00000000
76.75000000 0.00000000
76.86721220 0.00000000
76.95755597 0.00000000
77.00000000 0.00000000
77.04244403 0.00000000
77.13278780 0.00000000
77.25000000 0.00000000
77.36721220 0.00000000
77.45755597 0.00000000
77.50000000 0.00000000
77.54244403 0.00000000
77.63278780 0.00000000
77.75000000 0.00000000
77.86721220 0.00000000
77.95755597 0.00000000
78.00000000 0.00000000
78.04244403 0.00000000
78.13278780 0.00000000
78.25000000 0.00000000
78.36721220 0.00000000
78.45755597 0.00000000
78.50000000 0.00000000
78.54244403 0.00000000
78.63278780 0.00000000
78.75000000 0.00000000
78.86721220 0.00000000
78.95755597 0.00000000
79.00000000 0.00000000
79.04244403 0.00000000
79.13278780 0.00000000
79.25000000 0.00000000
79.36721220 0.00000000
79.45755597 0.00000000
79.50000000 0.00000000
79.54244403 0.00000000
79.63278780 0.00000000
79.75000000 0.00000000
79.86721220 0.00000000
79.95755597 0.00000000
80.00000000 0.00000000
80.04244403 0.00000000
80.13278780 0.00000000
80.25000000 0.00000000
80.36721220 0.00000000
80.45755597 0.00000000
80.50000000 0.00000000
80.54244403 0.00000000
80.63278780 0.00000000
80.75000000 0.00000000
80.86721220 0.00000000
80.95755597 0.00000000
81.00000000 0.00000000
81.04244403 0.00000000
81.13278780 0.00000000
81.25000000 0.00000000
81.36721220 0.00000000
81.45755597 0.00000000
81.50000000 0.00000000
81.54244403 0.00000000
81.63278780 0.00000000
81.75000000 0.00000000
81.86721220 0.00000000
81.95755597 0.00000000
82.00000000 0.00000000
82.04244403 0.00000000
82.13278780 0.00000000
82.25000000 0.00000000
82.36721220 0.00000000
82.45755597 0.00000000
82.50000000 0.00000000
82.54244403 0.00000000
82.63278780 0.00000000
82.75000000 0.00000000
82.86721220 0.00000000
82.95755597 0.00000000
83.00000000 0.00000000
83.04244403 0.00000000
83.13278780 0.00000000
83.25000000 0.00000000
83.36721220 0.00000000
83.45755597 0.00000000
83.50000000 0.00000000
83.54244403 0.00000000
83.63278780 0.00000000
83.75000000 0.00000000
83.86721220 0.00000000
83.95755597 0.00000000
84.00000000 0.00000000
84.04244403 0.00000000
84.13278780 0.00000000
84.25000000 0.00000000
84.36721220 0.00000000
84.45755597 0.00000000
84.50000000 0.00000000
84.54244403 0.00000000
84.63278780 0.00000000
84.75000000 0.00000000
84.86721220 0.00000000
84.95755597 0.00000000
85.00000000 0.00000000
85.04244403 0.00000000
85.13278780 0.00000000
85.25000000 0.00000000
85.36721220 0.00000000
85.45755597 0.00000000
85.50000000 0.00000000
85.54244403 0.00000000
85.63278780 0.00000000
85.75000000 0.00000000
85.86721220 0.00000000
85.95755597 0.00000000
86.00000000 0.00000000
86.04244403 0.00000000
86.13278780 0.00000000
86.25000000 0.00000000
86.36721220 0.00000000
86.45755597 0.00000000
86.50000000 0.00000000
86.54244403 0.00000000
86.63278780 0.00000000
86.75000000 0.00000000
86.86721220 0.00000000
86.95755597 0.00000000
87.00000000 0.00000000
87.04244403 0.00000000
87.13278780 0.00000000
87.25000000 0.00000000
87.36721220 0.00000000
87.45755597 0.00000000
87.50000000 0.00000000
87.54244403 0.00000000
87.63278780 0.00000000
87.75000000 0.00000000
87.86721220 0.00000000
87.95755597 0.00000000
88.00000000 0.00000000
88.04244403 0.00000000
88.13278780 0.00000000
88.25000000 0.00000000
88.36721220 0.00000000
88.45755597 0.00000000
88.50000000 0.00000000
88.54244403 0.00000000
88.63278780 0.00000000
88.75000000 0.00000000
88.86721220 0.00000000
88.95755597 0.00000000
89.00000000 0.00000000
89.04244403 0.00000000
89.13278780 0.00000000
89.25000000 0.00000000
89.36721220 0.00000000
89.45755597 0.00000000
89.50000000 0.00000000
89.54244403 0.00000000
89.63278780 0.00000000
89.75000000 0.00000000
89.86721220 0.00000000
89.95755597 0.00000000
90.00000000 0.00000000
90.04244403 0.00000000
90.13278780 0.00000000
90.25000000 0.00000000
90.36721220 0.00000000
90.45755597 0.00000000
90.50000000 0.00000000
90.54244403 0.00000000
90.63278780 0.00000000
90.75000000 0.00000000
90.86721220 0.00000000
90.95755597 0.00000000
91.00000000 0.00000000
91.04244403 0.00000000
91.13278780 0.00000000
91.25000000 0.00000000
91.36721220 0.00000000
91.45755597 0.00000000
91.50000000 0.00000000
91.54244403 0.00000000
91.63278780 0.00000000
91.75000000 0.00000000
91.86721220 0.00000000
91.95755597 0.00000000
92.00000000 0.00000000
92.04244403 0.00000000
92.13278780 0.00000000
92.25000000 0.00000000
92.36721220 0.00000000
92.45755597 0.00000000
92.50000000 0.00000000
92.54244403 0.00000000
92.63278780 0.00000000
92.75000000 0.00000000
92.86721220 0.00000000
92.95755597 0.00000000
93.00000000 0.00000000
93.04244403 0.00000000
93.13278780 0.00000000
93.25000000 0.00000000
93.36721220 0.00000000
93.45755597 0.00000000
93.50000000 0.00000000
93.54244403 0.00000000
93.63278780 0.00000000
93.75000000 0.00000000
93.86721220 0.00000000
93.95755597 0.00000000
94.00000000 0.00000000
94.04244403 0.00000000
94.13278780 0.00000000
94.25000000 0.00000000
94.36721220 0.00000000
94.45755597 0.00000000
94.50000000 0.00000000
94.54244403 0.00000000
94.63278780 0.00000000
94.75000000 0.00000000
94.86721220 0.00000000
94.95755597 0.00000000
95.00000000 0.00000000
95.04244403 0.00000000
95.13278780 0.00000000
95.25000000 0.00000000
95.36721220 0.00000000
95.45755597 0.00000000
95.50000000 0.00000000
95.54244403 0.00000000
95.63278780 0.00000000
95.75000000 0.00000000
95.86721220 0.00000000
95.95755597 0.00000000
96.00000000 0.00000000
96.04244403 0.00000000
96.13278780 0.00000000
96.25000000 0.00000000
96.36721220 0.00000000
96.45755597 0.00000000
96.50000000 0.00000000
96.54244403 0.00000000
96.63278780 0.00000000
96.75000000 0.00000000
96.86721220 0.00000000
96.95755597 0.00000000
97.00000000 0.00000000
97.04244403 0.00000000
97.13278780 0.00000000
97.25000000 0.00000000
97.36721220 0.00000000
97.45755597 0.00000000
97.50000000 0.00000000
97.54244403 0.00000000
97.63278780 0.00000000
97.75000000 0.00000000
97.86721220 0.00000000
97.95755597 0.00000000
98.00000000 0.00000000
98.04244403 0.00000000
98.13278780 0.00000000
98.25000000 0.00000000
98.36721220 0.00000000
98.45755597 0.00000000
98.50000000 0.00000000
98.54244403 0.00000000
98.63278780 0.00000000
98.75000000 0.00000000
98.86721220 0.00000000
98.95755597 0.00000000
99.00000000 0.00000000
99.04244403 0.00000000
99.13278780 0.00000000
99.25000000 0.00000000
99.36721220 0.00000000
99.45755597 0.00000000
99.50000000 0.00000000
99.54244403 0.00000000
99.63278780 0.00000000
99.75000000 0.00000000
99.86721220 0.00000000
99.95755597 0.00000000
100.00000000 0.00000000
